{
  "advancedEditorSelectedIdentifier" : "ProjectBrowser",
  "openSceneRelativePaths" : [
    "Immersive.usda",
    "Scene.usda",
    "Cube.usda"
  ],
  "recentIdentifiers" : {

  },
  "sceneCameraHistory" : {
    "85393D40-B4F5-4E5F-8268-3BF7A905DD51" : [
      {
        "date" : 732617682.499038,
        "title" : "Untitled",
        "transform" : [
          0.9928485,
          -0.0005662,
          0.11937972,
          0,
          0.039123233,
          0.9463083,
          -0.32088906,
          0,
          -0.11278835,
          0.3232648,
          0.9395631,
          0,
          -1.8258364,
          4.960178,
          4.787001,
          1
        ]
      },
      {
        "date" : 732617668.919598,
        "title" : "Untitled",
        "transform" : [
          0.9902518,
          4.4539474e-09,
          0.13928916,
          0,
          0.045054432,
          0.946242,
          -0.3203066,
          0,
          -0.13180123,
          0.32345974,
          0.9370177,
          0,
          -1.8258364,
          4.960178,
          4.787001,
          1
        ]
      },
      {
        "date" : 732616171.775641,
        "title" : "Untitled",
        "transform" : [
          0.92704856,
          2.1029992e-08,
          0.37494117,
          0,
          0.12014872,
          0.94726646,
          -0.29706985,
          0,
          -0.3551692,
          0.32044688,
          0.878162,
          0,
          -1.8258364,
          4.960178,
          4.787001,
          1
        ]
      },
      {
        "date" : 732616075.106271,
        "title" : "Untitled",
        "transform" : [
          0.92704856,
          2.1029992e-08,
          0.37494117,
          0,
          0.12014872,
          0.94726646,
          -0.29706985,
          0,
          -0.3551692,
          0.32044688,
          0.878162,
          0,
          -3.7103765,
          9.047683,
          12.82437,
          1
        ]
      },
      {
        "date" : 732616042.954797,
        "title" : "Untitled",
        "transform" : [
          0.96338576,
          1.2049484e-10,
          0.2681191,
          0,
          0.12803903,
          0.8786071,
          -0.46006042,
          0,
          -0.23557143,
          0.47754523,
          0.8464376,
          0,
          -6.730858,
          13.97088,
          24.485313,
          1
        ]
      },
      {
        "date" : 732615966.597191,
        "title" : "Untitled",
        "transform" : [
          0.96338576,
          1.2049484e-10,
          0.2681191,
          0,
          0.12803903,
          0.8786071,
          -0.46006042,
          0,
          -0.23557143,
          0.47754523,
          0.8464376,
          0,
          -0.78863317,
          1.9250398,
          3.1342857,
          1
        ]
      },
      {
        "date" : 732615957.238569,
        "title" : "Untitled",
        "transform" : [
          0.94243294,
          -1.5570139e-09,
          0.33439517,
          0,
          0.017598622,
          0.9986142,
          -0.049598563,
          0,
          -0.33393174,
          0.05262821,
          0.9411269,
          0,
          -1.0683527,
          0.41909975,
          3.2520046,
          1
        ]
      },
      {
        "date" : 732615954.425447,
        "title" : "Untitled",
        "transform" : [
          0.93817663,
          -1.6335939e-09,
          0.34615666,
          0,
          0.12746185,
          0.9297386,
          -0.34545562,
          0,
          -0.3218351,
          0.36822024,
          0.8722591,
          0,
          -1.0683527,
          0.41909975,
          3.2520046,
          1
        ]
      },
      {
        "date" : 732554774.13239,
        "title" : "Untitled",
        "transform" : [
          0.9718838,
          -1.9691067e-09,
          0.23546119,
          0,
          0.06779963,
          0.95764726,
          -0.27984807,
          0,
          -0.22548878,
          0.28794405,
          0.9307219,
          0,
          -0.25552738,
          0.18285447,
          1.2631807,
          1
        ]
      },
      {
        "date" : 732554754.28271,
        "title" : "Untitled",
        "transform" : [
          0.99539626,
          -1.7133757e-09,
          0.095845394,
          0,
          0.037830416,
          0.91880894,
          -0.39288536,
          0,
          -0.08806361,
          0.39470252,
          0.91457903,
          0,
          0.07186652,
          0.57872915,
          -0.49860373,
          1
        ]
      }
    ],
    "AF09ED6F-1707-48FD-8720-65B998362C09" : [
      {
        "date" : 732551953.735695,
        "title" : "Untitled",
        "transform" : [
          1,
          0,
          -0,
          0,
          -0,
          0.8660258,
          -0.49999928,
          0,
          0,
          0.49999928,
          0.8660258,
          0,
          0,
          4.1167336,
          5.0130525,
          1
        ]
      }
    ],
    "D66134B1-3681-4A8E-AFE5-29F257229F3B" : [
      {
        "date" : 732551953.759342,
        "title" : "Untitled",
        "transform" : [
          0.99999994,
          0,
          -0,
          0,
          -0,
          0.8660254,
          -0.49999988,
          0,
          0,
          0.49999988,
          0.8660254,
          0,
          0,
          0.23966897,
          0.41531888,
          1
        ]
      }
    ]
  },
  "selectedSceneRelativePath" : "Cube.usda"
}