{
  "advancedEditorSelectedIdentifier" : "ProjectBrowser",
  "openSceneRelativePaths" : [
    "Immersive.usda",
    "Scene.usda",
    "Cube.usda"
  ],
  "recentIdentifiers" : {

  },
  "sceneCameraHistory" : {
    "85393D40-B4F5-4E5F-8268-3BF7A905DD51" : [
      {
        "date" : 732554774.13239,
        "title" : "Untitled",
        "transform" : [
          0.9718838,
          -1.9691067e-09,
          0.23546119,
          0,
          0.06779963,
          0.95764726,
          -0.27984807,
          0,
          -0.22548878,
          0.28794405,
          0.9307219,
          0,
          -0.25552738,
          0.18285447,
          1.2631807,
          1
        ]
      },
      {
        "date" : 732554754.28271,
        "title" : "Untitled",
        "transform" : [
          0.99539626,
          -1.7133757e-09,
          0.095845394,
          0,
          0.037830416,
          0.91880894,
          -0.39288536,
          0,
          -0.08806361,
          0.39470252,
          0.91457903,
          0,
          0.07186652,
          0.57872915,
          -0.49860373,
          1
        ]
      },
      {
        "date" : 732554703.448879,
        "title" : "Untitled",
        "transform" : [
          0.99301106,
          -1.7910047e-09,
          0.11802104,
          0,
          0.053171888,
          0.8927619,
          -0.44738016,
          0,
          -0.10536468,
          0.45052886,
          0.8865224,
          0,
          0.20872755,
          0.72865933,
          1.4084336,
          1
        ]
      },
      {
        "date" : 732553605.485767,
        "title" : "Untitled",
        "transform" : [
          0.98919636,
          2.3052227e-11,
          -0.14659733,
          0,
          -0.06678576,
          0.8901985,
          -0.4506509,
          0,
          0.13050072,
          0.45557275,
          0.88058114,
          0,
          0.32707456,
          1.1418042,
          2.207005,
          1
        ]
      },
      {
        "date" : 732551997.977551,
        "title" : "Untitled",
        "transform" : [
          1,
          0,
          0,
          0,
          0,
          0.8660254,
          -0.5,
          0,
          0,
          0.5,
          0.8660254,
          0,
          0,
          1.2531524,
          2.170524,
          1
        ]
      },
      {
        "date" : 732551971.255841,
        "title" : "Untitled",
        "transform" : [
          1,
          0,
          -0,
          0,
          -0,
          0.8660254,
          -0.5,
          0,
          0,
          0.5,
          0.8660254,
          0,
          0,
          0.23926313,
          0.41441596,
          1
        ]
      }
    ],
    "AF09ED6F-1707-48FD-8720-65B998362C09" : [
      {
        "date" : 732551953.735695,
        "title" : "Untitled",
        "transform" : [
          1,
          0,
          -0,
          0,
          -0,
          0.8660258,
          -0.49999928,
          0,
          0,
          0.49999928,
          0.8660258,
          0,
          0,
          4.1167336,
          5.0130525,
          1
        ]
      }
    ],
    "D66134B1-3681-4A8E-AFE5-29F257229F3B" : [
      {
        "date" : 732551953.759342,
        "title" : "Untitled",
        "transform" : [
          0.99999994,
          0,
          -0,
          0,
          -0,
          0.8660254,
          -0.49999988,
          0,
          0,
          0.49999988,
          0.8660254,
          0,
          0,
          0.23966897,
          0.41531888,
          1
        ]
      }
    ]
  },
  "selectedSceneRelativePath" : "Cube.usda"
}